233
-0.687256
0.345332
0.639081
-0.703967
-0.665105
-0.249131
0.057693
-0.453363
0.889457
-0.859119
0.352994
0.370553
-0.175215
0.930185
0.322576
-0.334997
0.210920
0.918308
-0.894223
0.193471
0.403651
-0.394996
0.782186
0.481833
0.503766
-0.614127
0.607510
-0.641393
-0.105580
0.759913
-0.847779
-0.084931
0.523504
0.592095
-0.648496
0.478411
0.895277
0.208801
0.393549
-0.034817
0.148900
0.988239
-0.254867
-0.067332
0.964629
0.939180
-0.084891
0.332767
0.880906
0.473149
0.011609
0.984457
-0.042572
0.170389
0.137121
0.171725
0.975555
-0.897335
-0.233914
0.374266
0.614036
0.557577
0.558631
0.400653
0.795350
0.454857
0.794006
0.530181
0.297427
0.419631
0.049524
0.906343
-0.758425
0.425954
0.493309
0.666803
-0.048358
0.743664
-0.298320
0.937682
0.178208
-0.746510
0.163464
-0.644982
-0.550934
0.404567
0.729930
-0.905240
0.026578
0.424069
0.178347
0.333197
0.925836
-0.888544
0.411974
0.201911
0.204576
-0.136408
0.969299
-0.959212
0.083409
0.270102
-0.092081
-0.940704
0.326493
-0.983381
0.174000
-0.051833
0.726301
0.259014
0.636709
0.067715
0.820082
0.568226
-0.257374
-0.771047
0.582447
0.238519
0.822054
0.517045
0.562388
0.743679
0.361470
-0.723681
0.175857
0.667353
-0.800404
0.503591
0.325192
-0.403386
-0.322064
0.856478
0.090286
0.008106
0.995883
-0.488694
0.550419
0.676917
-0.177737
-0.868867
0.462039
-0.691539
0.571004
0.442412
-0.447532
0.312292
0.837967
-0.507754
0.856196
-0.095467
-0.887066
0.460479
0.032754
0.293032
-0.274867
0.915740
0.100897
-0.809652
0.578172
-0.080802
-0.011849
0.996660
-0.107046
-0.461479
0.880669
-0.324450
-0.928553
-0.180338
-0.078070
-0.805892
0.586892
0.222455
-0.432531
0.873745
-0.136440
0.977807
0.158991
-0.426968
-0.706987
0.563798
-0.152719
-0.697274
0.700347
0.860569
0.377345
0.342099
0.355968
-0.842216
0.404919
-0.218262
-0.566472
0.794652
0.702913
0.707330
0.074819
-0.477344
-0.569001
0.669612
0.013786
0.711138
0.702917
-0.258221
-0.028310
-0.965671
0.469426
0.872218
0.137386
-0.666456
-0.641337
0.380162
0.067306
0.464947
0.882776
-0.942488
-0.090628
0.321718
0.805371
-0.272351
0.526500
0.982600
0.181014
-0.041610
-0.211438
0.102306
0.972022
0.368947
-0.114417
0.922381
-0.600707
0.768917
0.218900
0.279482
-0.373525
-0.884516
0.514990
0.685656
0.514451
-0.738576
-0.638557
0.216216
0.849081
0.503529
-0.159747
0.741928
-0.648646
0.169709
0.822558
-0.404324
0.399899
0.361058
0.915148
-0.179279
0.394789
0.494346
0.774444
-0.854257
0.502865
-0.131806
0.930692
0.352342
-0.098323
-0.529295
-0.217210
0.820163
-0.454942
0.869192
0.193733
-0.520592
-0.841554
0.144124
0.171169
-0.973461
0.151902
0.451221
-0.514534
0.729146
0.953322
0.221237
-0.205502
-0.629713
0.502920
0.592059
0.039806
-0.158991
0.986477
0.336846
0.349241
0.874394
0.271702
-0.785301
0.556309
0.192739
0.975867
0.102638
-0.103365
0.424181
0.899659
0.351769
-0.664525
0.659291
0.124825
0.608473
0.783696
-0.637197
-0.293456
0.712645
0.861218
-0.118362
0.494261
-0.258518
0.749425
0.609533
-0.124093
-0.173496
0.976985
-0.273438
-0.904929
0.326091
0.727464
-0.420722
0.542023
-0.356904
-0.818492
0.450211
0.185055
-0.879286
0.438873
-0.516151
-0.402018
0.756287
0.113114
0.899331
0.422384
-0.044395
0.576776
0.815695
0.812714
-0.562083
-0.153487
0.284221
0.889450
0.357907
-0.316160
0.611329
0.725479
0.410986
-0.680695
-0.606419
-0.377094
0.040291
0.925298
-0.407213
0.912671
0.034778
-0.256183
-0.406430
0.877032
-0.421822
-0.906601
0.011914
0.885781
0.427988
0.179494
0.243257
-0.969875
-0.013005
-0.153108
0.672150
0.724411
0.606490
-0.206305
0.767860
-0.667591
-0.737583
0.101453
0.607324
-0.490965
0.624588
0.936731
0.261350
0.232877
-0.788870
-0.521641
0.324922
0.012449
0.307743
0.951388
-0.186170
-0.964720
0.186164
-0.516150
-0.035366
0.855768
-0.162739
0.266055
0.950121
-0.547964
0.649934
0.526614
0.983296
0.134937
0.122150
0.948305
0.309963
0.068115
0.384654
-0.398099
0.832801
0.952715
-0.215585
0.214143
-0.255923
-0.254847
0.932500
-0.742662
-0.177052
0.645837
0.686785
0.408839
0.600981
-0.324972
-0.647647
0.689163
0.561496
0.451876
0.693202
-0.577313
-0.617986
0.533670
0.027795
0.990628
0.133733
0.750564
0.479351
0.454836
-0.954703
-0.087021
-0.284551
0.794086
-0.534522
0.289335
0.094870
0.994746
-0.038478
0.233187
0.486720
0.841859
-0.483786
0.802310
0.349642
-0.440849
-0.846186
-0.299367
-0.273994
-0.961116
0.034404
0.575873
0.091806
0.812368
-0.821551
-0.243933
0.515316
-0.098348
0.795862
0.597437
0.158075
0.951171
0.265116
0.183145
0.729725
0.658756
0.706462
0.107549
0.699532
0.291833
0.618631
0.729472
-0.707249
-0.511866
0.487640
0.677154
-0.319197
0.663005
0.292259
-0.556200
0.777963
0.525078
-0.074246
0.847810
0.598528
-0.772627
0.211689
-0.041719
-0.596376
0.801620
-0.003329
-0.983831
0.179068
0.004999
-0.889390
0.457122
-0.887192
-0.375586
0.268001
-0.603231
-0.752109
0.265413
-0.826898
0.099584
0.553464
-0.951155
0.299102
0.076437
-0.815846
-0.390610
0.426402
-0.578862
-0.815225
-0.018105
0.822351
0.150680
0.548666
-0.074897
0.997133
-0.010757
-0.375173
-0.493936
0.784393
-0.227986
0.850244
0.474454
0.807982
0.320796
0.494222
0.461411
0.205520
0.863054
-0.388707
0.468457
0.793382
0.662366
-0.747065
0.056261
0.564628
-0.823063
-0.061331
-0.999971
-0.003461
-0.006798
0.023205
-0.713762
0.700004
0.671315
-0.667114
0.322948
0.434254
-0.740044
0.513574
-0.935259
0.342799
-0.088200
0.891353
-0.379334
0.248186
-0.522743
-0.740415
0.422523
-0.448432
-0.840019
0.305412
-0.061196
-0.319706
0.945538
0.091201
-0.945359
0.313016
0.791894
-0.610534
0.012286
-0.803342
0.268393
0.531608
-0.750522
-0.005166
0.660825
0.266414
-0.921068
0.284003
-0.601086
0.700895
0.383981
-0.598219
0.244330
0.763176
0.609121
0.259834
0.749305
-0.985490
0.128919
0.110406
-0.716592
0.642975
0.270330
-0.494579
0.143780
0.857158
0.667713
0.621525
0.409714
-0.786998
-0.615288
0.045333
-0.334375
0.879800
0.337854
-0.631966
0.069451
0.771878
0.893687
-0.247547
0.374225
-0.611844
-0.472516
0.634331
0.302209
0.191329
0.933843
0.127423
-0.584241
0.801515
0.438693
-0.862152
0.253461
-0.059087
0.888434
0.455186
0.524341
-0.767737
0.368302
0.705388
-0.701366
-0.102538
-0.986366
-0.049030
0.157093
0.191141
-0.697696
0.690424
0.120463
-0.301932
0.945688
0.464745
0.595412
0.655360
0.805889
0.577900
0.128741
-0.010277
0.954060
0.299440
0.594706
0.779243
0.197747
0.542825
-0.373075
0.752433
0.894713
0.039725
0.444872
0.343170
-0.930720
0.126470
0.486974
0.354820
0.798097
0.353642
0.716638
0.601139
0.795480
-0.006653
0.605943
0.710613
-0.546027
0.443715
0.461005
-0.244356
0.853091
-0.394596
-0.147556
0.906929
-0.213248
0.525528
0.823617
-0.725974
-0.362588
0.584373
0.937163
-0.251637
-0.241669
