212
-0.007492
0.792494
0.609834
0.820561
-0.558443
0.121740
0.185887
-0.895543
0.404289
-0.069452
0.992484
0.100759
-0.026588
-0.979495
0.199708
0.740593
-0.104232
0.663821
0.240349
-0.449510
0.860333
0.472675
0.511490
0.717604
0.965199
0.218818
0.143209
-0.754730
-0.628108
0.189374
-0.466257
-0.802482
0.372326
-0.000000
-0.000000
1.000000
-0.655101
-0.752500
-0.067723
0.733119
0.371160
0.569891
0.137337
0.292531
0.946343
-0.713895
-0.599415
0.362016
0.465568
0.651053
0.599479
-0.434474
-0.489289
0.756193
0.110032
0.980994
0.159822
0.203067
0.968221
-0.145983
-0.237586
-0.970705
-0.035854
-0.600736
0.571711
-0.558805
-0.831728
0.157926
0.532248
-0.683997
0.722745
0.098937
-0.902543
-0.370146
-0.220017
-0.325476
0.615089
0.718144
-0.600252
0.054860
0.797927
0.877632
-0.219044
0.426358
0.118348
0.125824
0.984968
0.915636
0.227589
0.331381
0.960649
-0.265316
0.082229
-0.294538
-0.063110
0.953554
0.608214
-0.129283
0.783174
-0.159740
-0.399685
0.902627
0.320941
0.634349
0.703276
-0.769441
-0.638636
0.010271
-0.038652
-0.281930
0.958656
0.608767
0.518985
0.600047
0.320555
0.759050
0.566646
-0.170220
0.576674
0.799045
-0.815580
0.466381
0.342517
-0.295056
0.947244
-0.125183
-0.020818
0.960953
0.275927
-0.316518
0.880082
0.353939
0.465797
0.354280
0.810876
0.460680
-0.871435
0.168448
-0.722368
0.641136
-0.259091
-0.199041
0.253113
0.946740
-0.009977
0.522524
0.852566
0.716584
0.219329
0.662120
-0.514938
-0.594687
0.617403
-0.728934
0.107612
0.676074
0.118101
-0.567930
0.814560
0.048640
-0.846232
0.530591
0.936138
-0.073797
0.343803
-0.848135
-0.518707
-0.107747
-0.302875
0.742206
0.597827
-0.573490
-0.678120
0.459633
-0.413287
0.459518
-0.786154
-0.506671
-0.318211
0.801265
0.898455
-0.397978
0.185450
-0.559273
0.702838
0.439582
-0.624815
0.410562
0.664113
-0.486567
0.181696
0.854540
-0.763717
0.603787
0.228424
0.813060
0.508064
0.284262
0.710237
-0.418112
0.566344
-0.067082
-0.775451
0.627834
-0.779135
-0.189386
0.597563
-0.353227
0.305001
0.884424
0.648274
0.752856
-0.113790
-0.538275
-0.827436
-0.160029
-0.541627
0.829179
0.138210
0.308856
0.328670
0.892515
0.000646
0.887978
0.459886
-0.908519
0.320689
0.267863
-0.455445
-0.005240
0.890248
0.835551
0.372982
0.403410
0.140287
0.926319
0.349646
-0.497743
0.359015
0.789531
0.459146
0.768942
0.444874
0.442788
0.183470
0.877654
-0.651711
-0.257465
0.713432
0.423679
0.858303
0.289504
-0.870563
0.463019
0.166532
-0.264884
-0.523450
0.809837
-0.617939
-0.731286
0.288743
-0.168937
-0.932746
0.318505
-0.343990
-0.367867
0.863912
-0.698058
0.593932
0.399950
0.850094
-0.074064
0.521396
0.719977
-0.542474
0.432844
-0.340293
-0.902144
0.265210
-0.153023
0.713828
0.683399
0.270784
0.934995
0.229045
0.697898
0.630667
0.339408
0.354886
-0.815220
0.457681
0.152419
-0.957947
0.243119
-0.354970
-0.638826
0.682567
0.004457
0.665688
0.746216
-0.369602
-0.925070
0.087410
-0.485503
0.519543
0.703109
-0.605135
0.766916
-0.213663
0.083833
-0.157344
0.983979
0.979747
-0.103499
0.171417
0.959825
0.009198
-0.280448
-0.901056
-0.148913
0.407336
-0.153648
0.911547
0.381410
-0.917677
0.170519
0.358877
-0.187733
0.422861
0.886536
-0.170723
0.064498
0.983206
-0.560090
-0.135011
0.817356
0.830557
0.227693
0.508262
0.662509
-0.280000
0.694753
-0.608983
0.562044
0.559684
0.009061
-0.929231
0.369389
-0.080739
-0.541925
0.836540
-0.343463
0.468880
0.813748
0.356940
-0.314496
0.879594
0.459338
-0.584980
0.668436
-0.379402
0.907262
0.181462
-0.393440
-0.913899
-0.099967
-0.184678
-0.661905
0.726482
0.993491
0.034560
-0.108545
0.254534
-0.965957
-0.046248
0.519192
-0.302896
0.799183
-0.407518
-0.192016
0.892782
0.804150
-0.592056
-0.053030
-0.464187
0.659498
0.591265
0.587348
0.204373
0.783105
0.782220
-0.254542
0.568630
-0.425219
0.905065
0.006863
-0.114864
0.990686
-0.073123
0.284721
-0.169791
0.943454
0.978408
0.202960
-0.039065
0.158436
0.837559
0.522869
-0.694878
-0.073785
0.715332
0.285846
-0.594287
0.751741
-0.739709
0.287803
0.608276
0.148712
-0.712895
0.685322
-0.726921
-0.508251
-0.461809
0.456948
-0.150259
0.876710
-0.861554
-0.501856
0.076591
-0.897030
0.016111
0.441676
0.825046
-0.379481
0.418681
-0.398038
0.789174
0.467728
-0.832620
-0.288394
0.472835
-0.971076
0.146206
0.188770
-0.119525
-0.122804
0.985207
0.535065
0.026808
0.844385
0.965375
0.073103
0.250413
-0.719716
-0.371621
0.586436
0.321989
0.487768
0.811422
-0.613275
0.684164
-0.394731
-0.899797
0.436238
-0.007889
0.165380
-0.306488
0.937398
0.042630
-0.429594
0.902015
-0.950313
0.296524
0.094758
0.606881
0.370619
0.703091
-0.237276
-0.243163
0.940517
-0.580008
0.813798
-0.036369
0.796372
0.072128
0.600491
-0.659499
-0.532955
0.530113
0.377817
0.002652
0.925877
0.996146
0.050334
0.071837
0.297660
0.861104
0.412187
-0.635063
0.722582
0.273075
0.153800
0.449153
0.880118
-0.004156
-0.670013
0.742338
0.590508
0.651792
0.475886
-0.786215
-0.450979
0.422474
-0.417154
-0.734068
0.535843
0.330204
-0.896923
0.294100
-0.624151
0.237184
0.744432
-0.838988
0.315595
0.443282
0.585764
0.751743
0.302924
-0.302718
-0.848607
0.433853
0.712717
-0.697037
0.078578
-0.992834
0.118783
0.013082
0.209186
-0.803780
0.556938
-0.026725
0.365330
0.930494
-0.837855
-0.483611
0.253219
-0.957695
-0.179563
0.224893
-0.041025
0.193949
0.980153
0.675158
0.047837
0.736121
0.927548
0.346308
-0.140446
0.337726
-0.705598
0.622955
0.485419
-0.705324
0.516610
-0.586550
-0.436269
0.682369
-0.893622
-0.322178
0.312475
0.487438
-0.803223
0.342399
-0.248102
-0.768250
0.590117
0.928337
-0.255960
0.269582
-0.129548
-0.867268
0.480690
-0.164500
-0.595282
-0.786498
-0.177824
0.830828
0.527355
0.817793
-0.494007
0.295250
0.285651
0.157160
0.945359
0.897677
0.079275
0.433464
0.735934
0.653641
0.176503
0.735016
-0.445753
-0.510936
-0.813505
-0.026901
0.580936
-0.205497
0.954761
0.214949
-0.333981
0.123362
0.934472
0.928902
0.368234
0.039306
0.065333
0.997603
-0.022809
-0.485982
0.817801
0.308259
0.522094
0.852587
-0.022649
0.204146
-0.023315
0.978663
0.161760
0.729595
0.664473
0.574437
-0.441201
0.689466
-0.500768
-0.842207
0.199796
