176
-0.441977
0.786353
0.431631
0.034053
0.973378
0.226663
0.744588
-0.641634
0.184107
0.084368
-0.659841
0.746654
0.750484
-0.160171
0.641185
-0.874103
0.474964
0.101748
0.310554
-0.940815
0.135730
0.908987
0.389783
-0.147686
-0.489129
-0.553374
0.674189
-0.184497
-0.249228
0.950708
0.729709
0.681892
0.050485
0.272440
-0.282455
-0.919780
-0.838642
-0.542468
0.049069
0.917803
-0.334753
0.213490
0.798351
0.019609
0.601873
0.650609
-0.757070
0.059601
0.165643
-0.310144
0.936148
0.666867
-0.646166
0.371158
0.386743
0.565351
0.728566
-0.109668
-0.877852
0.466206
-0.729127
-0.664883
0.162187
0.009576
-0.183279
0.983014
0.182637
0.981064
0.064469
-0.863717
0.493597
-0.101758
-0.163372
0.967504
0.192992
0.019179
0.728580
0.684692
-0.111105
-0.684479
0.720516
-0.540612
0.366170
0.757402
-0.816296
0.208214
0.538802
-0.395394
-0.878973
0.266589
0.359370
-0.928381
-0.094670
0.068744
0.407537
0.910597
-0.847488
0.435358
0.303690
-0.997604
-0.038085
-0.057757
0.557317
0.267766
0.785938
-0.306125
0.591449
0.745973
-0.163908
0.470231
0.867189
-0.070310
-0.545190
0.835359
0.046853
-0.842206
-0.537116
0.102567
-0.981802
0.159828
-0.790051
-0.103714
0.604204
-0.108989
0.921974
0.371598
0.093705
0.908162
0.407996
-0.088788
0.316471
0.944438
-0.123372
0.129697
0.983849
0.499203
-0.748697
0.436175
0.110445
-0.875204
0.470978
-0.123235
0.626703
0.769452
0.526492
-0.847574
-0.066510
0.406161
0.385641
0.828441
0.008046
-0.999314
-0.036140
-0.615658
0.710440
0.340941
-0.893139
0.250333
0.373679
0.819411
0.196360
0.538524
0.310782
-0.826229
0.469852
-0.945872
0.323954
-0.019468
-0.220204
-0.772982
0.594986
-0.860662
-0.359704
0.360382
0.831286
0.534181
0.153672
-0.957801
0.119137
0.261578
-0.749643
0.078627
0.657155
-0.988143
0.139413
0.064316
0.459181
0.760265
0.459510
-0.691495
0.293922
0.659882
-0.609805
0.158116
0.776619
0.689334
0.144436
0.709899
0.722758
-0.499243
0.477887
-0.482571
0.543445
0.686871
-0.192488
0.748074
0.635085
-0.284006
-0.613190
0.737115
0.489024
-0.835454
-0.250745
-0.642561
0.477279
0.599433
0.704152
0.670852
0.232653
-0.400500
-0.702924
0.587791
0.215154
-0.924653
0.314207
0.158016
0.804344
0.572767
-0.490300
0.025934
0.871168
-0.778210
0.627614
0.022108
-0.942866
-0.052578
0.328998
-0.380976
0.704668
0.598582
-0.282344
-0.953437
0.106016
0.001258
-0.794650
0.607067
0.394976
0.191200
0.898575
-0.936282
0.302649
0.178267
-0.811705
-0.521500
0.263009
-0.660837
0.735360
0.150136
-0.936636
0.157423
-0.312940
-0.538286
-0.355325
0.764194
0.652258
-0.045367
0.756638
0.699401
0.324660
0.636737
-0.617125
-0.784752
0.057631
-0.675542
-0.235454
0.698716
-0.558020
0.644086
0.523228
0.989538
0.048566
-0.135852
0.041939
0.010461
0.999065
-0.646389
-0.440148
0.623258
0.200840
0.657503
0.726191
0.473350
-0.356717
0.805414
0.888369
0.377105
0.261901
-0.780663
0.392191
0.486571
-0.000218
-0.947279
0.320409
0.562602
0.771998
0.295802
0.378094
-0.025173
0.925425
0.305191
-0.434602
0.847337
-0.381631
-0.463944
0.799446
-0.768365
0.597376
0.229690
-0.647948
-0.047758
0.760186
0.751270
-0.335760
0.568207
0.200737
-0.110933
0.973344
0.567986
-0.608062
0.554664
0.509118
-0.146774
0.848090
0.632767
0.643706
0.430405
0.680543
0.492602
0.542407
0.407862
-0.862193
0.300453
0.479158
-0.870693
0.110915
-0.980180
0.151117
-0.128102
-0.589711
-0.615623
0.522733
-0.314888
-0.840614
0.440697
0.271154
-0.607206
0.746844
-0.774925
-0.525415
-0.351326
0.240307
0.304172
0.921809
-0.875114
-0.181374
0.448641
-0.155549
-0.059751
0.986019
0.553629
0.450325
0.700501
0.459478
0.884859
-0.076843
0.202034
-0.758474
0.619596
-0.343780
-0.103411
0.933339
0.337977
0.722054
0.603664
-0.553692
-0.824631
-0.115795
-0.212933
-0.435332
0.874726
0.968043
0.030779
0.248888
0.093394
0.986464
-0.134779
-0.741602
-0.494067
0.453788
-0.519475
-0.170978
0.837205
-0.312940
0.088824
0.945610
-0.671325
-0.652901
0.350775
0.286756
0.853676
0.434751
0.911210
0.206539
0.356425
0.812143
0.366403
0.454063
0.392381
-0.694309
0.603301
0.046118
0.567556
0.822042
0.921050
0.385079
0.058146
0.225016
0.940733
0.253749
0.199031
-0.979951
-0.009099
-0.494699
-0.759466
0.422474
0.623160
-0.264997
0.735831
0.448158
-0.535263
0.715994
-0.364907
0.425642
0.828053
0.609958
-0.445293
0.655488
0.370893
0.924171
0.091360
0.519172
0.616549
0.591886
-0.974212
-0.222196
0.039234
0.123113
-0.497393
0.858745
0.231572
0.093790
0.968286
-0.775656
-0.314581
0.547172
-0.256925
0.840253
0.477457
-0.368055
-0.289128
0.883708
0.901554
0.025895
0.431891
-0.313304
0.901886
0.297392
-0.877096
0.039758
0.478667
-0.203338
-0.933408
0.295640
-0.073341
-0.205886
-0.975824
0.237974
0.491826
0.837542
0.963374
0.213826
0.161831
0.585302
-0.771543
0.249286
0.859543
-0.159863
0.485417
0.852497
-0.338578
0.398263
-0.943849
-0.225631
0.241330
-0.448977
0.226784
0.864285
-0.812767
0.500682
-0.297872
0.533085
0.073189
0.842890
-0.713911
0.561063
0.418974
-0.023717
-0.371181
0.928258
-0.567558
-0.786023
0.245042
0.345193
-0.235685
0.908457
0.404504
0.872279
0.274783
